3 5 2 10 1
2 30 0.04 38.0208333
2 40 0.06 38.0208333
2 50 0.08 38.0208333
2 3 10 0.0005 32
1 3 10 0.005 0.5
3 2 10 0.0005 32
3 1 10 0.005 0.5
1 3 10 0.005 0.5
point1
120 1 -6.78E-21
110 1 -6.78E-21
100 1 -6.78E-21
90 1 -6.78E-21
80 1 -6.78E-21
70 1 -6.78E-21
60 0.965407723 0.830383098
50 0.792448 0.831258582
40 0.688672 0.831783873
30 0.514270932 3.357843163
20 0.297304259 1.751258177
10 0.140563976 0.1633142
0 0.111693345 0.266423584
-10 0.082889362 0.357760474
-20 0.048250707 0.401360711
-30 0.020276023 0.154917997
-40 0.006448001 0.016783185
-50 0.004693335 0.02130183
-60 0.002605336 0.024778941
-70 0.000912002 0.00945892
-80 0.00012 0.000201468
-90 8.00E-05 0.000774312
-100 3.20E-05 0.000386525
point2
0 1 0.00E+00
-10 1 0.00E+00
-20 1 0.00E+00
-30 1 0.00E+00
-40 1 0.00E+00
-50 1 0.00E+00
-60 0.958333 1
-70 0.75 1
-80 0.625 1
-90 0.416667 4
-100 0.166667 2